0.000000000000000000e+00 0.000000000000000000e+00 0.000000000000000000e+00 0.000000000000000000e+00 0.000000000000000000e+00 0.000000000000000000e+00 0.000000000000000000e+00 0.000000000000000000e+00 0.000000000000000000e+00 0.000000000000000000e+00
0.000000000000000000e+00 0.000000000000000000e+00 0.000000000000000000e+00 0.000000000000000000e+00 2.850216627120971680e-01 0.000000000000000000e+00 0.000000000000000000e+00 0.000000000000000000e+00 0.000000000000000000e+00 0.000000000000000000e+00
0.000000000000000000e+00 0.000000000000000000e+00 0.000000000000000000e+00 0.000000000000000000e+00 0.000000000000000000e+00 0.000000000000000000e+00 0.000000000000000000e+00 0.000000000000000000e+00 0.000000000000000000e+00 0.000000000000000000e+00
0.000000000000000000e+00 0.000000000000000000e+00 0.000000000000000000e+00 0.000000000000000000e+00 0.000000000000000000e+00 0.000000000000000000e+00 0.000000000000000000e+00 0.000000000000000000e+00 0.000000000000000000e+00 0.000000000000000000e+00
0.000000000000000000e+00 0.000000000000000000e+00 0.000000000000000000e+00 0.000000000000000000e+00 8.945924639701843262e-01 0.000000000000000000e+00 8.066548109054565430e-01 0.000000000000000000e+00 5.784503221511840820e-01 0.000000000000000000e+00
8.745594028612896365e-01 8.636959876543209846e-02 5.101479915433403400e-01 9.267409443855285645e-01 9.381499886512756348e-01 8.875300884246826172e-01 9.845499992370605469e-01 7.498800754547119141e-01 9.216933250427246094e-01 3.804388135481998233e+03
0.000000000000000000e+00 0.000000000000000000e+00 0.000000000000000000e+00 0.000000000000000000e+00 0.000000000000000000e+00 0.000000000000000000e+00 0.000000000000000000e+00 0.000000000000000000e+00 0.000000000000000000e+00 0.000000000000000000e+00
5.059555203938115309e-01 3.759548611111110938e-01 0.000000000000000000e+00 7.088933587074279785e-01 8.902955651283264160e-01 5.601499676704406738e-01 0.000000000000000000e+00 0.000000000000000000e+00 0.000000000000000000e+00 1.011881380788259150e+02
9.264705882352941568e-01 7.183159722222222376e-02 0.000000000000000000e+00 8.397502303123474121e-01 5.355487465858459473e-01 5.146914720535278320e-01 7.847408652305603027e-01 0.000000000000000000e+00 9.576740264892578125e-01 3.243937834919855732e+02
0.000000000000000000e+00 0.000000000000000000e+00 0.000000000000000000e+00 0.000000000000000000e+00 0.000000000000000000e+00 0.000000000000000000e+00 0.000000000000000000e+00 0.000000000000000000e+00 0.000000000000000000e+00 0.000000000000000000e+00
0.000000000000000000e+00 0.000000000000000000e+00 0.000000000000000000e+00 0.000000000000000000e+00 0.000000000000000000e+00 0.000000000000000000e+00 0.000000000000000000e+00 0.000000000000000000e+00 0.000000000000000000e+00 0.000000000000000000e+00
0.000000000000000000e+00 6.743344907407407274e-02 7.257974481658692190e-01 5.133842825889587402e-01 9.516401886940002441e-01 0.000000000000000000e+00 6.372699141502380371e-01 4.759064614772796631e-01 8.277448415756225586e-01 3.120499101223377693e+03
0.000000000000000000e+00 3.807870370370370489e-02 5.277551925493384477e-01 6.783157587051391602e-01 7.863170504570007324e-01 0.000000000000000000e+00 8.559843897819519043e-01 3.012398183345794678e-01 6.545838117599487305e-01 4.740937838551370191e+02
7.556521739130435122e-01 7.619791666666667074e-02 7.203192669744801213e-01 8.797731399536132812e-01 8.687993288040161133e-01 7.399432063102722168e-01 6.609265804290771484e-01 6.255975365638732910e-01 9.518342018127441406e-01 1.280745657204348390e+03
0.000000000000000000e+00 0.000000000000000000e+00 0.000000000000000000e+00 0.000000000000000000e+00 0.000000000000000000e+00 0.000000000000000000e+00 0.000000000000000000e+00 0.000000000000000000e+00 0.000000000000000000e+00 0.000000000000000000e+00
6.988636363636363535e-01 3.070746527777777624e-02 9.448421052631579276e-01 9.698466062545776367e-01 7.703261971473693848e-01 4.076269865036010742e-01 9.314013123512268066e-01 8.591049909591674805e-01 7.445102334022521973e-01 8.671413694240466441e+01
7.075268817204301008e-01 9.197627314814814381e-02 8.876242249214303381e-01 9.392812848091125488e-01 9.629495739936828613e-01 9.519591927528381348e-01 9.855501055717468262e-01 8.594045639038085938e-01 9.704176783561706543e-01 1.635759709078917695e+03
0.000000000000000000e+00 0.000000000000000000e+00 0.000000000000000000e+00 0.000000000000000000e+00 0.000000000000000000e+00 0.000000000000000000e+00 4.275933802127838135e-01 0.000000000000000000e+00 0.000000000000000000e+00 0.000000000000000000e+00
0.000000000000000000e+00 0.000000000000000000e+00 0.000000000000000000e+00 0.000000000000000000e+00 0.000000000000000000e+00 0.000000000000000000e+00 0.000000000000000000e+00 0.000000000000000000e+00 0.000000000000000000e+00 0.000000000000000000e+00
0.000000000000000000e+00 0.000000000000000000e+00 0.000000000000000000e+00 0.000000000000000000e+00 0.000000000000000000e+00 0.000000000000000000e+00 0.000000000000000000e+00 0.000000000000000000e+00 0.000000000000000000e+00 0.000000000000000000e+00
0.000000000000000000e+00 1.049691358024691379e-01 0.000000000000000000e+00 5.972346067428588867e-01 3.078406751155853271e-01 0.000000000000000000e+00 3.508935570716857910e-01 0.000000000000000000e+00 8.925800323486328125e-01 5.499166566961637272e+02
8.422764227642276502e-01 3.553059895833333287e-02 4.998167155425219943e-01 9.674819707870483398e-01 9.806720018386840820e-01 9.450090527534484863e-01 9.436735510826110840e-01 8.873425722122192383e-01 5.309079289436340332e-01 2.610350495648096967e+02
5.109231853417899316e-01 3.245322145061728392e-02 6.878582595101615516e-01 6.410727500915527344e-01 9.427557587623596191e-01 9.057950973510742188e-01 6.070442795753479004e-01 5.845392942428588867e-01 3.136683404445648193e-01 1.125900394402196071e+03
8.555555555555556246e-01 8.765914351851851471e-02 9.569614009125662069e-01 9.178605675697326660e-01 9.345576167106628418e-01 9.229463934898376465e-01 9.624884724617004395e-01 6.965000033378601074e-01 9.657418727874755859e-01 2.403932639141659820e+03
0.000000000000000000e+00 0.000000000000000000e+00 0.000000000000000000e+00 0.000000000000000000e+00 0.000000000000000000e+00 0.000000000000000000e+00 0.000000000000000000e+00 0.000000000000000000e+00 2.748329043388366699e-01 0.000000000000000000e+00
0.000000000000000000e+00 0.000000000000000000e+00 0.000000000000000000e+00 0.000000000000000000e+00 0.000000000000000000e+00 0.000000000000000000e+00 0.000000000000000000e+00 0.000000000000000000e+00 0.000000000000000000e+00 0.000000000000000000e+00
3.967836257309941272e-01 0.000000000000000000e+00 0.000000000000000000e+00 0.000000000000000000e+00 8.120239377021789551e-01 6.449843645095825195e-01 0.000000000000000000e+00 0.000000000000000000e+00 4.994763433933258057e-01 0.000000000000000000e+00
0.000000000000000000e+00 0.000000000000000000e+00 0.000000000000000000e+00 0.000000000000000000e+00 0.000000000000000000e+00 0.000000000000000000e+00 0.000000000000000000e+00 0.000000000000000000e+00 0.000000000000000000e+00 0.000000000000000000e+00
7.445454545454545103e-01 9.002507716049382158e-02 7.911111111111110983e-01 7.952892184257507324e-01 9.236809611320495605e-01 8.259743452072143555e-01 7.566982507705688477e-01 7.109824419021606445e-01 9.379233717918395996e-01 1.300691657645669466e+03
0.000000000000000000e+00 0.000000000000000000e+00 0.000000000000000000e+00 0.000000000000000000e+00 0.000000000000000000e+00 0.000000000000000000e+00 0.000000000000000000e+00 0.000000000000000000e+00 0.000000000000000000e+00 0.000000000000000000e+00
5.803842264914055304e-01 3.855468749999999695e-02 9.417475728155340065e-01 9.821047782897949219e-01 9.634818434715270996e-01 8.976612091064453125e-01 9.463346004486083984e-01 7.479082345962524414e-01 7.597788572311401367e-01 4.407472548936263479e+02
0.000000000000000000e+00 8.934461805555556080e-02 4.071428571428571397e-01 7.672411203384399414e-01 7.398010492324829102e-01 0.000000000000000000e+00 5.417769551277160645e-01 4.458491504192352295e-01 8.713079690933227539e-01 2.116698672833437342e+02
0.000000000000000000e+00 0.000000000000000000e+00 0.000000000000000000e+00 0.000000000000000000e+00 0.000000000000000000e+00 0.000000000000000000e+00 0.000000000000000000e+00 0.000000000000000000e+00 0.000000000000000000e+00 0.000000000000000000e+00
0.000000000000000000e+00 0.000000000000000000e+00 0.000000000000000000e+00 0.000000000000000000e+00 0.000000000000000000e+00 0.000000000000000000e+00 0.000000000000000000e+00 0.000000000000000000e+00 0.000000000000000000e+00 0.000000000000000000e+00
0.000000000000000000e+00 0.000000000000000000e+00 0.000000000000000000e+00 0.000000000000000000e+00 0.000000000000000000e+00 0.000000000000000000e+00 0.000000000000000000e+00 0.000000000000000000e+00 0.000000000000000000e+00 0.000000000000000000e+00
0.000000000000000000e+00 1.458121141975308732e-01 0.000000000000000000e+00 3.519293367862701416e-01 0.000000000000000000e+00 0.000000000000000000e+00 4.227302372455596924e-01 0.000000000000000000e+00 0.000000000000000000e+00 2.705159177531215775e+01
9.152348224513173758e-01 1.077777777777777779e-01 8.295754275504126918e-01 9.380584359169006348e-01 9.628469347953796387e-01 8.651643991470336914e-01 6.265667080879211426e-01 5.833875536918640137e-01 9.554227590560913086e-01 1.472024693108043493e+03
9.430473372781066344e-01 4.536795910493827272e-02 8.795582047685834848e-01 6.557371616363525391e-01 9.727778434753417969e-01 8.904408216476440430e-01 7.519437074661254883e-01 7.062953710556030273e-01 9.379304647445678711e-01 3.371203227075608879e+02
8.629372993070812958e-01 0.000000000000000000e+00 0.000000000000000000e+00 0.000000000000000000e+00 7.828745245933532715e-01 2.703466117382049561e-01 4.853025078773498535e-01 0.000000000000000000e+00 5.033800005912780762e-01 0.000000000000000000e+00
0.000000000000000000e+00 0.000000000000000000e+00 0.000000000000000000e+00 0.000000000000000000e+00 0.000000000000000000e+00 0.000000000000000000e+00 0.000000000000000000e+00 0.000000000000000000e+00 0.000000000000000000e+00 0.000000000000000000e+00
0.000000000000000000e+00 0.000000000000000000e+00 0.000000000000000000e+00 0.000000000000000000e+00 0.000000000000000000e+00 0.000000000000000000e+00 0.000000000000000000e+00 0.000000000000000000e+00 0.000000000000000000e+00 0.000000000000000000e+00
0.000000000000000000e+00 0.000000000000000000e+00 0.000000000000000000e+00 0.000000000000000000e+00 0.000000000000000000e+00 0.000000000000000000e+00 0.000000000000000000e+00 0.000000000000000000e+00 0.000000000000000000e+00 0.000000000000000000e+00
6.866197183098592394e-01 0.000000000000000000e+00 0.000000000000000000e+00 0.000000000000000000e+00 6.694608926773071289e-01 3.195715546607971191e-01 2.704732716083526611e-01 0.000000000000000000e+00 0.000000000000000000e+00 0.000000000000000000e+00
0.000000000000000000e+00 9.114583333333333912e-03 9.010989010989011172e-01 6.289345026016235352e-01 3.343613147735595703e-01 0.000000000000000000e+00 4.500242173671722412e-01 3.040803968906402588e-01 3.445599675178527832e-01 3.131517332766439949e+02
6.575866188769414755e-01 9.917824074074074736e-02 0.000000000000000000e+00 7.759659290313720703e-01 9.068677425384521484e-01 7.664564251899719238e-01 4.618454575538635254e-01 0.000000000000000000e+00 6.462643146514892578e-01 1.856400766778982927e+02
0.000000000000000000e+00 3.612413194444444309e-02 3.956043956043955867e-01 4.209257066249847412e-01 9.398418664932250977e-01 0.000000000000000000e+00 8.579113483428955078e-01 6.099314689636230469e-01 0.000000000000000000e+00 8.727979656189831985e+02
8.474576271186441412e-01 4.070746527777777818e-02 7.021052631578947878e-01 7.431876063346862793e-01 8.899134993553161621e-01 4.336288869380950928e-01 9.557451009750366211e-01 6.501415967941284180e-01 5.715459585189819336e-01 6.469587887669589463e+02
4.460606060606060463e-01 1.029841820987654338e-01 0.000000000000000000e+00 7.425938844680786133e-01 6.945796012878417969e-01 4.812166094779968262e-01 9.687818884849548340e-01 0.000000000000000000e+00 0.000000000000000000e+00 1.728075186526592120e+02
0.000000000000000000e+00 3.266348379629629289e-02 8.954349698535745139e-01 2.802121937274932861e-01 8.677543401718139648e-01 0.000000000000000000e+00 6.519070267677307129e-01 5.443493723869323730e-01 0.000000000000000000e+00 6.412940794711261105e+02
6.170097508125677033e-01 2.829571759259259106e-02 8.090909090909090828e-01 6.576439738273620605e-01 9.381797909736633301e-01 6.881152987480163574e-01 7.175712585449218750e-01 5.473809838294982910e-01 0.000000000000000000e+00 3.093979388086022936e+03
0.000000000000000000e+00 0.000000000000000000e+00 0.000000000000000000e+00 0.000000000000000000e+00 2.608912587165832520e-01 0.000000000000000000e+00 7.311422824859619141e-01 0.000000000000000000e+00 4.617178738117218018e-01 0.000000000000000000e+00
5.192307692307692735e-01 1.429398148148148216e-02 4.158415841584158779e-01 5.680319070816040039e-01 8.423535823822021484e-01 6.126970052719116211e-01 5.882911682128906250e-01 4.335077404975891113e-01 8.952057361602783203e-01 2.619484301546584447e+03
0.000000000000000000e+00 0.000000000000000000e+00 0.000000000000000000e+00 0.000000000000000000e+00 0.000000000000000000e+00 0.000000000000000000e+00 0.000000000000000000e+00 0.000000000000000000e+00 0.000000000000000000e+00 0.000000000000000000e+00
0.000000000000000000e+00 1.769444444444444320e-01 0.000000000000000000e+00 6.203786134719848633e-01 3.118202686309814453e-01 0.000000000000000000e+00 0.000000000000000000e+00 0.000000000000000000e+00 5.206647515296936035e-01 5.414946239075430867e+01
4.743827160493827022e-01 4.112268518518518573e-02 0.000000000000000000e+00 8.976222276687622070e-01 8.346669673919677734e-01 6.826331019401550293e-01 6.038721203804016113e-01 0.000000000000000000e+00 0.000000000000000000e+00 6.021781260177803006e+02
0.000000000000000000e+00 3.104359567901234657e-02 4.068396226415094130e-01 7.910637259483337402e-01 3.610152304172515869e-01 0.000000000000000000e+00 8.767481446266174316e-01 8.439636230468750000e-01 5.058227777481079102e-01 5.232192351321564274e+02
8.825814806820634351e-01 1.032696759259259245e-01 0.000000000000000000e+00 4.907793998718261719e-01 8.848161101341247559e-01 8.281978964805603027e-01 2.992185354232788086e-01 0.000000000000000000e+00 9.604443311691284180e-01 8.647049574097048890e+02
7.199999999999999734e-01 8.636188271604938738e-02 8.565934386108035037e-01 3.450637757778167725e-01 9.256741404533386230e-01 9.173270463943481445e-01 6.359027028083801270e-01 2.520087957382202148e-01 3.628697693347930908e-01 1.227577256756407451e+03
0.000000000000000000e+00 0.000000000000000000e+00 0.000000000000000000e+00 0.000000000000000000e+00 3.884317874908447266e-01 0.000000000000000000e+00 0.000000000000000000e+00 0.000000000000000000e+00 0.000000000000000000e+00 0.000000000000000000e+00
0.000000000000000000e+00 0.000000000000000000e+00 0.000000000000000000e+00 0.000000000000000000e+00 0.000000000000000000e+00 0.000000000000000000e+00 0.000000000000000000e+00 0.000000000000000000e+00 5.844030380249023438e-01 0.000000000000000000e+00
0.000000000000000000e+00 0.000000000000000000e+00 0.000000000000000000e+00 0.000000000000000000e+00 0.000000000000000000e+00 0.000000000000000000e+00 0.000000000000000000e+00 0.000000000000000000e+00 0.000000000000000000e+00 0.000000000000000000e+00
5.513211382113820669e-01 1.675540123456790292e-02 3.049853372434017662e-01 6.789506673812866211e-01 7.057734727859497070e-01 3.486384153366088867e-01 8.897785544395446777e-01 3.319519162178039551e-01 2.955530583858489990e-01 5.216092744595130881e+01
6.253498600559775911e-01 3.536168981481481455e-02 7.078189300411522611e-01 9.836211204528808594e-01 9.360915422439575195e-01 9.342477321624755859e-01 9.496169090270996094e-01 9.390811920166015625e-01 0.000000000000000000e+00 4.151726369161526691e+02
6.671245421245420859e-01 3.644965277777777873e-02 6.739326247522968716e-01 6.815963387489318848e-01 9.041832685470581055e-01 6.703464984893798828e-01 9.465382695198059082e-01 5.888016223907470703e-01 6.493301391601562500e-01 5.248166586352468812e+02
8.084577114427859978e-01 5.059172453703703748e-02 8.162815004064568614e-01 5.805041193962097168e-01 9.736755490303039551e-01 9.702299237251281738e-01 6.666513681411743164e-01 6.562219858169555664e-01 9.586104750633239746e-01 4.329224300583167633e+02
5.292069632495164377e-01 1.392505787037037063e-02 7.874183006535948603e-01 7.959941625595092773e-01 8.577904105186462402e-01 7.699210643768310547e-01 7.102938890457153320e-01 5.700762271881103516e-01 8.713264465332031250e-01 2.733906116573227791e+03
0.000000000000000000e+00 0.000000000000000000e+00 0.000000000000000000e+00 0.000000000000000000e+00 0.000000000000000000e+00 0.000000000000000000e+00 0.000000000000000000e+00 0.000000000000000000e+00 0.000000000000000000e+00 0.000000000000000000e+00
0.000000000000000000e+00 0.000000000000000000e+00 0.000000000000000000e+00 0.000000000000000000e+00 0.000000000000000000e+00 0.000000000000000000e+00 0.000000000000000000e+00 0.000000000000000000e+00 0.000000000000000000e+00 0.000000000000000000e+00
0.000000000000000000e+00 0.000000000000000000e+00 7.393753200204813414e-01 0.000000000000000000e+00 4.617392122745513916e-01 0.000000000000000000e+00 5.931361913681030273e-01 5.325369238853454590e-01 0.000000000000000000e+00 0.000000000000000000e+00
0.000000000000000000e+00 1.221412037037037102e-01 0.000000000000000000e+00 8.341729640960693359e-01 6.829522252082824707e-01 0.000000000000000000e+00 6.325713992118835449e-01 0.000000000000000000e+00 8.605332970619201660e-01 8.247964007456397439e+02
0.000000000000000000e+00 0.000000000000000000e+00 0.000000000000000000e+00 0.000000000000000000e+00 0.000000000000000000e+00 0.000000000000000000e+00 0.000000000000000000e+00 0.000000000000000000e+00 0.000000000000000000e+00 0.000000000000000000e+00
0.000000000000000000e+00 0.000000000000000000e+00 4.833759590792838789e-01 0.000000000000000000e+00 3.778638541698455811e-01 0.000000000000000000e+00 4.569872021675109863e-01 3.484519720077514648e-01 0.000000000000000000e+00 0.000000000000000000e+00
0.000000000000000000e+00 0.000000000000000000e+00 0.000000000000000000e+00 0.000000000000000000e+00 0.000000000000000000e+00 0.000000000000000000e+00 0.000000000000000000e+00 0.000000000000000000e+00 0.000000000000000000e+00 0.000000000000000000e+00
8.454054054054053191e-01 3.597222222222222487e-02 8.959171937895341609e-01 9.479817748069763184e-01 3.434823453426361084e-01 3.405814468860626221e-01 9.630649089813232422e-01 5.782691836357116699e-01 2.778184711933135986e-01 8.884816444242320586e+02
4.872200263504611883e-01 4.223379629629629706e-02 8.238246396705559693e-01 7.127676606178283691e-01 9.196075201034545898e-01 8.430911898612976074e-01 7.018566131591796875e-01 6.174929738044738770e-01 9.660541415214538574e-01 2.972998025835075282e+02
6.059652029826014807e-01 9.333333333333333759e-02 9.119238969985238308e-01 7.256805896759033203e-01 9.257218241691589355e-01 8.804002404212951660e-01 7.743061184883117676e-01 2.525896728038787842e-01 6.391786932945251465e-01 2.668790761602107295e+02
0.000000000000000000e+00 3.468233989197531120e-01 0.000000000000000000e+00 9.171072244644165039e-01 3.029169440269470215e-01 0.000000000000000000e+00 8.797198534011840820e-01 0.000000000000000000e+00 4.081328511238098145e-01 4.866939908904960816e+02
6.319148936170213560e-01 1.035869984567901192e-01 9.006535947712418499e-01 5.812603235244750977e-01 8.161160349845886230e-01 6.954905390739440918e-01 6.506288051605224609e-01 5.629792213439941406e-01 4.278475046157836914e-01 5.998228650471781975e+02
6.186881311868812627e-01 3.870811631944444664e-01 0.000000000000000000e+00 9.977272748947143555e-01 8.398265838623046875e-01 7.878602147102355957e-01 2.611066102981567383e-01 0.000000000000000000e+00 0.000000000000000000e+00 1.076339567049485595e+02
0.000000000000000000e+00 0.000000000000000000e+00 0.000000000000000000e+00 0.000000000000000000e+00 0.000000000000000000e+00 0.000000000000000000e+00 0.000000000000000000e+00 0.000000000000000000e+00 0.000000000000000000e+00 0.000000000000000000e+00
0.000000000000000000e+00 0.000000000000000000e+00 0.000000000000000000e+00 0.000000000000000000e+00 0.000000000000000000e+00 0.000000000000000000e+00 0.000000000000000000e+00 0.000000000000000000e+00 0.000000000000000000e+00 0.000000000000000000e+00
8.484848484848485084e-01 2.825520833333333356e-02 5.656565656565656353e-01 9.366779327392578125e-01 9.606195092201232910e-01 9.262514114379882812e-01 8.704234361648559570e-01 6.763324737548828125e-01 4.221459627151489258e-01 1.322575588778695703e+02
7.522576760987357281e-01 3.274631076388888618e-01 0.000000000000000000e+00 9.973009824752807617e-01 7.726657390594482422e-01 5.974963903427124023e-01 8.836408853530883789e-01 0.000000000000000000e+00 9.750141501426696777e-01 1.175965649074640424e+02
0.000000000000000000e+00 3.885030864197530631e-02 8.329475308641975939e-01 4.438838064670562744e-01 8.711628317832946777e-01 0.000000000000000000e+00 4.551104903221130371e-01 3.101786673069000244e-01 0.000000000000000000e+00 5.618568128796043482e+01
0.000000000000000000e+00 0.000000000000000000e+00 0.000000000000000000e+00 0.000000000000000000e+00 0.000000000000000000e+00 0.000000000000000000e+00 0.000000000000000000e+00 0.000000000000000000e+00 0.000000000000000000e+00 0.000000000000000000e+00
0.000000000000000000e+00 0.000000000000000000e+00 5.644955300127714182e-01 0.000000000000000000e+00 0.000000000000000000e+00 0.000000000000000000e+00 4.288916289806365967e-01 2.558066844940185547e-01 0.000000000000000000e+00 0.000000000000000000e+00
9.816341829085457604e-01 8.700713734567901148e-02 9.682379299740806466e-01 9.291126728057861328e-01 6.430320739746093750e-01 4.638819396495819092e-01 6.645354628562927246e-01 6.607658267021179199e-01 9.723148941993713379e-01 1.923693564161441145e+02
0.000000000000000000e+00 0.000000000000000000e+00 0.000000000000000000e+00 0.000000000000000000e+00 0.000000000000000000e+00 0.000000000000000000e+00 0.000000000000000000e+00 0.000000000000000000e+00 0.000000000000000000e+00 0.000000000000000000e+00
0.000000000000000000e+00 0.000000000000000000e+00 0.000000000000000000e+00 0.000000000000000000e+00 0.000000000000000000e+00 0.000000000000000000e+00 0.000000000000000000e+00 0.000000000000000000e+00 0.000000000000000000e+00 0.000000000000000000e+00
0.000000000000000000e+00 0.000000000000000000e+00 0.000000000000000000e+00 0.000000000000000000e+00 0.000000000000000000e+00 0.000000000000000000e+00 0.000000000000000000e+00 0.000000000000000000e+00 0.000000000000000000e+00 0.000000000000000000e+00
7.461607949412827345e-01 7.553240740740740922e-02 0.000000000000000000e+00 3.245880901813507080e-01 7.653374671936035156e-01 4.155160784721374512e-01 0.000000000000000000e+00 0.000000000000000000e+00 6.857349872589111328e-01 6.620882873236589603e+02
8.888888888888888395e-01 7.719907407407407274e-02 6.759259259259259300e-01 7.788612246513366699e-01 7.635462284088134766e-01 6.862857341766357422e-01 8.341706395149230957e-01 6.986752748489379883e-01 4.684081673622131348e-01 8.481159592367733069e+01
0.000000000000000000e+00 0.000000000000000000e+00 0.000000000000000000e+00 0.000000000000000000e+00 0.000000000000000000e+00 0.000000000000000000e+00 9.667405486106872559e-01 0.000000000000000000e+00 3.612568974494934082e-01 0.000000000000000000e+00
0.000000000000000000e+00 0.000000000000000000e+00 0.000000000000000000e+00 0.000000000000000000e+00 0.000000000000000000e+00 0.000000000000000000e+00 0.000000000000000000e+00 0.000000000000000000e+00 0.000000000000000000e+00 0.000000000000000000e+00
0.000000000000000000e+00 3.310662615740740944e-01 0.000000000000000000e+00 8.061159253120422363e-01 7.360885143280029297e-01 0.000000000000000000e+00 3.704854846000671387e-01 0.000000000000000000e+00 3.884582817554473877e-01 8.025298301977093729e+01
0.000000000000000000e+00 0.000000000000000000e+00 4.130560806553245090e-01 0.000000000000000000e+00 0.000000000000000000e+00 0.000000000000000000e+00 6.043207645416259766e-01 4.878444671630859375e-01 0.000000000000000000e+00 0.000000000000000000e+00
0.000000000000000000e+00 0.000000000000000000e+00 0.000000000000000000e+00 0.000000000000000000e+00 0.000000000000000000e+00 0.000000000000000000e+00 0.000000000000000000e+00 0.000000000000000000e+00 0.000000000000000000e+00 0.000000000000000000e+00
0.000000000000000000e+00 0.000000000000000000e+00 0.000000000000000000e+00 0.000000000000000000e+00 0.000000000000000000e+00 0.000000000000000000e+00 0.000000000000000000e+00 0.000000000000000000e+00 0.000000000000000000e+00 0.000000000000000000e+00
0.000000000000000000e+00 9.488667052469135221e-02 0.000000000000000000e+00 6.454905271530151367e-01 3.524501025676727295e-01 0.000000000000000000e+00 6.711828708648681641e-01 0.000000000000000000e+00 0.000000000000000000e+00 1.403534489371572363e+03
0.000000000000000000e+00 0.000000000000000000e+00 0.000000000000000000e+00 0.000000000000000000e+00 0.000000000000000000e+00 0.000000000000000000e+00 0.000000000000000000e+00 0.000000000000000000e+00 0.000000000000000000e+00 0.000000000000000000e+00
0.000000000000000000e+00 0.000000000000000000e+00 0.000000000000000000e+00 0.000000000000000000e+00 0.000000000000000000e+00 0.000000000000000000e+00 0.000000000000000000e+00 0.000000000000000000e+00 0.000000000000000000e+00 0.000000000000000000e+00
0.000000000000000000e+00 0.000000000000000000e+00 0.000000000000000000e+00 0.000000000000000000e+00 0.000000000000000000e+00 0.000000000000000000e+00 0.000000000000000000e+00 0.000000000000000000e+00 0.000000000000000000e+00 0.000000000000000000e+00
0.000000000000000000e+00 0.000000000000000000e+00 0.000000000000000000e+00 0.000000000000000000e+00 0.000000000000000000e+00 0.000000000000000000e+00 0.000000000000000000e+00 0.000000000000000000e+00 0.000000000000000000e+00 0.000000000000000000e+00
0.000000000000000000e+00 0.000000000000000000e+00 0.000000000000000000e+00 0.000000000000000000e+00 4.352187514305114746e-01 0.000000000000000000e+00 0.000000000000000000e+00 0.000000000000000000e+00 7.505737543106079102e-01 0.000000000000000000e+00
0.000000000000000000e+00 0.000000000000000000e+00 0.000000000000000000e+00 0.000000000000000000e+00 0.000000000000000000e+00 0.000000000000000000e+00 0.000000000000000000e+00 0.000000000000000000e+00 0.000000000000000000e+00 0.000000000000000000e+00
0.000000000000000000e+00 0.000000000000000000e+00 0.000000000000000000e+00 0.000000000000000000e+00 0.000000000000000000e+00 0.000000000000000000e+00 0.000000000000000000e+00 0.000000000000000000e+00 0.000000000000000000e+00 0.000000000000000000e+00
7.509578544061302763e-01 3.256944444444444253e-02 7.867298578199052317e-01 7.370694875717163086e-01 9.617515802383422852e-01 7.209872603416442871e-01 9.181106090545654297e-01 7.951127886772155762e-01 6.414622664451599121e-01 4.726292128855782835e+02
0.000000000000000000e+00 0.000000000000000000e+00 0.000000000000000000e+00 0.000000000000000000e+00 0.000000000000000000e+00 0.000000000000000000e+00 0.000000000000000000e+00 0.000000000000000000e+00 0.000000000000000000e+00 0.000000000000000000e+00
0.000000000000000000e+00 2.931467013888888751e-01 0.000000000000000000e+00 9.430450797080993652e-01 7.859761714935302734e-01 0.000000000000000000e+00 2.958317399024963379e-01 0.000000000000000000e+00 0.000000000000000000e+00 1.537213527407376716e+02
0.000000000000000000e+00 0.000000000000000000e+00 0.000000000000000000e+00 0.000000000000000000e+00 0.000000000000000000e+00 0.000000000000000000e+00 0.000000000000000000e+00 0.000000000000000000e+00 0.000000000000000000e+00 0.000000000000000000e+00
2.215935879302216027e-01 0.000000000000000000e+00 0.000000000000000000e+00 0.000000000000000000e+00 5.398738980293273926e-01 2.929218113422393799e-01 5.185886025428771973e-01 0.000000000000000000e+00 0.000000000000000000e+00 0.000000000000000000e+00
0.000000000000000000e+00 0.000000000000000000e+00 0.000000000000000000e+00 0.000000000000000000e+00 0.000000000000000000e+00 0.000000000000000000e+00 0.000000000000000000e+00 0.000000000000000000e+00 0.000000000000000000e+00 0.000000000000000000e+00
0.000000000000000000e+00 0.000000000000000000e+00 0.000000000000000000e+00 0.000000000000000000e+00 0.000000000000000000e+00 0.000000000000000000e+00 0.000000000000000000e+00 0.000000000000000000e+00 0.000000000000000000e+00 0.000000000000000000e+00
0.000000000000000000e+00 0.000000000000000000e+00 0.000000000000000000e+00 0.000000000000000000e+00 8.988503217697143555e-01 0.000000000000000000e+00 2.950285673141479492e-01 0.000000000000000000e+00 6.654036045074462891e-01 0.000000000000000000e+00
3.295580723961803460e-01 2.426697530864197622e-02 0.000000000000000000e+00 3.238790929317474365e-01 7.520474195480346680e-01 4.770107865333557129e-01 0.000000000000000000e+00 0.000000000000000000e+00 0.000000000000000000e+00 3.188714032007551850e+03
8.602941176470587648e-01 1.510030864197530950e-02 8.701298701298700866e-01 8.520573377609252930e-01 9.007607102394104004e-01 8.533089160919189453e-01 6.698694229125976562e-01 3.770019710063934326e-01 9.210858941078186035e-01 2.603471742211638229e+03
0.000000000000000000e+00 0.000000000000000000e+00 0.000000000000000000e+00 0.000000000000000000e+00 0.000000000000000000e+00 0.000000000000000000e+00 2.500704526901245117e-01 0.000000000000000000e+00 0.000000000000000000e+00 0.000000000000000000e+00
0.000000000000000000e+00 0.000000000000000000e+00 0.000000000000000000e+00 0.000000000000000000e+00 0.000000000000000000e+00 0.000000000000000000e+00 0.000000000000000000e+00 0.000000000000000000e+00 0.000000000000000000e+00 0.000000000000000000e+00
0.000000000000000000e+00 0.000000000000000000e+00 0.000000000000000000e+00 0.000000000000000000e+00 0.000000000000000000e+00 0.000000000000000000e+00 5.786715745925903320e-01 0.000000000000000000e+00 0.000000000000000000e+00 0.000000000000000000e+00
8.070953436807095649e-01 4.598476080246913233e-02 9.827072152653547610e-01 9.746264815330505371e-01 9.556803107261657715e-01 6.315271258354187012e-01 7.236343622207641602e-01 4.391528069972991943e-01 4.084896147251129150e-01 6.045767423915451673e+02
0.000000000000000000e+00 7.532793209876542662e-02 0.000000000000000000e+00 4.590278863906860352e-01 3.744349777698516846e-01 0.000000000000000000e+00 0.000000000000000000e+00 0.000000000000000000e+00 7.655138373374938965e-01 4.328693108287250197e+02
0.000000000000000000e+00 2.809375000000000067e-01 0.000000000000000000e+00 6.439872384071350098e-01 0.000000000000000000e+00 0.000000000000000000e+00 0.000000000000000000e+00 0.000000000000000000e+00 0.000000000000000000e+00 2.989427123028166733e+01
0.000000000000000000e+00 0.000000000000000000e+00 0.000000000000000000e+00 0.000000000000000000e+00 0.000000000000000000e+00 0.000000000000000000e+00 0.000000000000000000e+00 0.000000000000000000e+00 0.000000000000000000e+00 0.000000000000000000e+00
6.792452830188678847e-01 1.233796296296296308e-01 5.792310456342076863e-01 9.180509448051452637e-01 9.550752639770507812e-01 9.520559906959533691e-01 9.930104613304138184e-01 3.083693981170654297e-01 8.399021029472351074e-01 2.038554549558156168e+03
5.719063545150502303e-01 8.564332561728395243e-02 9.571967176757596452e-01 6.762750744819641113e-01 7.341915369033813477e-01 4.021227061748504639e-01 8.227721452713012695e-01 6.516063809394836426e-01 4.692741930484771729e-01 1.469323497152014681e+02
8.498313826621701761e-01 5.007957175925925597e-02 0.000000000000000000e+00 9.516537785530090332e-01 9.008998870849609375e-01 8.947837948799133301e-01 8.775274753570556641e-01 0.000000000000000000e+00 6.567397713661193848e-01 1.084399756806145945e+02
3.183673469387754973e-01 3.722125771604938016e-02 7.504861448711716010e-01 8.500964641571044922e-01 9.338130950927734375e-01 6.880270242691040039e-01 8.381265997886657715e-01 6.742174029350280762e-01 8.762806057929992676e-01 5.182382073271471654e+02
0.000000000000000000e+00 3.316406250000000083e-02 0.000000000000000000e+00 7.551379203796386719e-01 3.233273923397064209e-01 0.000000000000000000e+00 5.956130027770996094e-01 0.000000000000000000e+00 0.000000000000000000e+00 1.558964068078252865e+02
7.472527472527472625e-01 1.789062500000000028e-02 0.000000000000000000e+00 3.684063851833343506e-01 8.638720512390136719e-01 7.609361410140991211e-01 0.000000000000000000e+00 0.000000000000000000e+00 5.674089789390563965e-01 3.158538921412792888e+02
0.000000000000000000e+00 0.000000000000000000e+00 0.000000000000000000e+00 0.000000000000000000e+00 0.000000000000000000e+00 0.000000000000000000e+00 0.000000000000000000e+00 0.000000000000000000e+00 0.000000000000000000e+00 0.000000000000000000e+00
0.000000000000000000e+00 0.000000000000000000e+00 0.000000000000000000e+00 0.000000000000000000e+00 0.000000000000000000e+00 0.000000000000000000e+00 0.000000000000000000e+00 0.000000000000000000e+00 0.000000000000000000e+00 0.000000000000000000e+00
0.000000000000000000e+00 0.000000000000000000e+00 0.000000000000000000e+00 0.000000000000000000e+00 0.000000000000000000e+00 0.000000000000000000e+00 4.514220952987670898e-01 0.000000000000000000e+00 0.000000000000000000e+00 0.000000000000000000e+00
8.854166666666666297e-01 4.068865740740740949e-02 4.980332167832167145e-01 8.775516748428344727e-01 9.659706950187683105e-01 9.240424036979675293e-01 9.192088246345520020e-01 9.161522984504699707e-01 8.144156932830810547e-01 8.555089820671423695e+02
0.000000000000000000e+00 8.465711805555554970e-02 0.000000000000000000e+00 3.641117513179779053e-01 5.282330513000488281e-01 0.000000000000000000e+00 3.183391988277435303e-01 0.000000000000000000e+00 8.647366762161254883e-01 4.578862379995995298e+02
0.000000000000000000e+00 1.579101562499999889e-01 0.000000000000000000e+00 7.919064164161682129e-01 0.000000000000000000e+00 0.000000000000000000e+00 0.000000000000000000e+00 0.000000000000000000e+00 8.263694643974304199e-01 1.279408768485172772e+02
2.901315789473684070e-01 2.137827932098765316e-02 0.000000000000000000e+00 6.507197618484497070e-01 6.818553805351257324e-01 6.191493868827819824e-01 2.873724400997161865e-01 0.000000000000000000e+00 0.000000000000000000e+00 2.728585126869521446e+03
6.954545454545454364e-01 0.000000000000000000e+00 0.000000000000000000e+00 0.000000000000000000e+00 8.508181571960449219e-01 5.909714698791503906e-01 4.897409677505493164e-01 0.000000000000000000e+00 5.178024768829345703e-01 0.000000000000000000e+00
0.000000000000000000e+00 1.199999999999999956e-01 9.453217316575357465e-01 7.855458855628967285e-01 4.668008089065551758e-01 0.000000000000000000e+00 7.921187281608581543e-01 4.108458757400512695e-01 4.472957253456115723e-01 7.324153773177256710e+01
7.869249394673123454e-01 0.000000000000000000e+00 0.000000000000000000e+00 0.000000000000000000e+00 6.832738518714904785e-01 3.970356881618499756e-01 3.194362223148345947e-01 0.000000000000000000e+00 5.225055217742919922e-01 0.000000000000000000e+00
0.000000000000000000e+00 0.000000000000000000e+00 0.000000000000000000e+00 0.000000000000000000e+00 0.000000000000000000e+00 0.000000000000000000e+00 0.000000000000000000e+00 0.000000000000000000e+00 0.000000000000000000e+00 0.000000000000000000e+00
0.000000000000000000e+00 0.000000000000000000e+00 0.000000000000000000e+00 0.000000000000000000e+00 8.881115913391113281e-01 0.000000000000000000e+00 0.000000000000000000e+00 0.000000000000000000e+00 4.040801227092742920e-01 0.000000000000000000e+00
9.045025417574438231e-01 4.335937499999999861e-02 7.398705096073516785e-01 6.115781664848327637e-01 9.653234481811523438e-01 7.484182119369506836e-01 7.050760388374328613e-01 6.522266268730163574e-01 8.932338356971740723e-01 3.581613148605049446e+02
0.000000000000000000e+00 0.000000000000000000e+00 0.000000000000000000e+00 0.000000000000000000e+00 0.000000000000000000e+00 0.000000000000000000e+00 0.000000000000000000e+00 0.000000000000000000e+00 0.000000000000000000e+00 0.000000000000000000e+00
8.721942281264315477e-01 5.063271604938271442e-02 0.000000000000000000e+00 8.356385231018066406e-01 9.136278629302978516e-01 7.457598447799682617e-01 6.999996900558471680e-01 0.000000000000000000e+00 6.591956019401550293e-01 1.801518862851372887e+03
5.766362883181441745e-01 5.326099537037037174e-02 9.422567209390382281e-01 3.460790812969207764e-01 8.766008615493774414e-01 8.695476055145263672e-01 8.599898219108581543e-01 6.515890955924987793e-01 3.462016582489013672e-01 1.914163596700818459e+02
8.909090909090909838e-01 4.599247685185185036e-02 9.041474654377880116e-01 6.448813080787658691e-01 9.637255072593688965e-01 6.783703565597534180e-01 7.064303159713745117e-01 6.903946995735168457e-01 9.192356467247009277e-01 3.295331626613779576e+02
7.471358428805237040e-01 9.937162422839505849e-02 9.870967741935484652e-01 9.365023374557495117e-01 9.391495585441589355e-01 9.081165194511413574e-01 7.951264381408691406e-01 7.458124160766601562e-01 9.680681228637695312e-01 1.566600295173903532e+03
